1481608800 -6.938509 55.463105
1481608900 -6.821569 55.619193
1481609000 -6.704868 55.775315
1481609100 -6.588410 55.931477
1481609200 -6.472198 56.087684
1481609300 -6.356235 56.243940
1481609400 -6.240526 56.400251
1481609500 -6.125073 56.556621
1481609600 -6.009880 56.713055
1481609700 -5.894951 56.869557
1481609800 -5.780290 57.026134
1481609900 -5.665899 57.182788
1481610000 -5.551782 57.339526
1481610100 -5.437944 57.496350
1481610200 -5.324387 57.653266
1481610300 -5.211115 57.810279
1481610400 -5.098132 57.967393
1481610500 -4.985442 58.124611
1481610600 -4.873047 58.281939
1481610700 -4.760951 58.439381
1481610800 -4.649159 58.596941
1481610900 -4.537674 58.754624
1481611000 -4.426498 58.912433
1481611100 -4.315637 59.070373
1481611200 -4.205094 59.228447
1481611300 -4.094871 59.386661
1481611400 -3.984974 59.545017
1481611500 -3.875405 59.703520
1481611600 -3.766169 59.862175
1481611700 -3.657268 60.020984
1481611800 -3.548707 60.179951
1481611900 -3.440489 60.339082
1481612000 -3.332618 60.498378
1481612100 -3.225098 60.657845
1481612200 -3.117932 60.817485
1481612300 -3.011125 60.977303
1481612400 -2.904679 61.137301
1481612500 -2.798598 61.297485
1481612600 -2.692887 61.457856
1481612700 -2.587550 61.618420
1481612800 -2.482589 61.779178
1481612900 -2.378008 61.940135
1481613000 -2.273812 62.101293
1481613100 -2.170004 62.262657
1481613200 -2.066588 62.424230
1481613300 -1.963568 62.586014
1481613400 -1.860948 62.748013
1481613500 -1.758730 62.910231
1481613600 -1.656921 63.072669
1481613700 -1.555522 63.235332
1481613800 -1.454538 63.398222
1481613900 -1.353973 63.561342
1481614000 -1.253830 63.724696
1481614100 -1.154114 63.888286
1481614200 -1.054828 64.052114
1481614300 -0.955977 64.216185
1481614400 -0.857563 64.380500
1481614500 -0.759592 64.545062
1481614600 -0.662067 64.709874
1481614700 -0.564991 64.874938
1481614800 -0.468369 65.040257
1481614900 -0.372205 65.205834
1481615000 -0.276503 65.371671
1481615100 -0.181266 65.537770
1481615200 -0.086498 65.704134
1481615300 0.007796 65.870765
1481615400 0.101612 66.037665
1481615500 0.194948 66.204837
1481615600 0.287797 66.372282
1481615700 0.380158 66.540003
1481615800 0.472025 66.708002
1481615900 0.563395 66.876280
1481616000 0.654264 67.044841
1481616100 0.744627 67.213685
1481616200 0.834482 67.382814
1481616300 0.923823 67.552230
1481616400 1.012647 67.721936
1481616500 1.100949 67.891932
1481616600 1.188726 68.062220
1481616700 1.275974 68.232802
1481616800 1.362689 68.403679
1481616900 1.448866 68.574853
1481617000 1.534503 68.746324
1481617100 1.619593 68.918095
1481617200 1.704135 69.090167
1481617300 1.788123 69.262540
1481617400 1.871554 69.435216
1481617500 1.954423 69.608196
1481617600 2.036727 69.781481
1481617700 2.118462 69.955072
1481617800 2.199623 70.128970
1481617900 2.280207 70.303175
1481618000 2.360209 70.477689
1481618100 2.439626 70.652512
1481618200 2.518453 70.827644
1481618300 2.596687 71.003086
1481618400 2.674324 71.178839
1481618500 2.751359 71.354903
1481618600 2.827789 71.531279
1481618700 2.903609 71.707966
1481618800 2.978817 71.884965
1481618900 3.053406 72.062276
1481619000 3.127375 72.239899
1481619100 3.200719 72.417834
1481619200 3.273433 72.596081
1481619300 3.345515 72.774640
1481619400 3.416959 72.953511
1481619500 3.487763 73.132693
1481619600 3.557922 73.312186
1481619700 3.627432 73.491990
1481619800 3.696290 73.672104
1481619900 3.764492 73.852527
1481620000 3.832034 74.033260
1481620100 3.898912 74.214300
1481620200 3.965122 74.395648
1481620300 4.030660 74.577302
1481620400 4.095523 74.759262
1481620500 4.159707 74.941526
1481620600 4.223208 75.124094
1481620700 4.286023 75.306964
1481620800 4.348148 75.490135
1481620900 4.409578 75.673605
1481621000 4.470312 75.857374
1481621100 4.530344 76.041439
1481621200 4.589671 76.225800
1481621300 4.648290 76.410454
1481621400 4.706197 76.595401
1481621500 4.763388 76.780637
1481621600 4.819861 76.966161
1481621700 4.875611 77.151972
1481621800 4.930635 77.338067
1481621900 4.984930 77.524444
1481622000 5.038492 77.711102
1481622100 5.091318 77.898036
1481622200 5.143405 78.085247
1481622300 5.194748 78.272730
1481622400 5.245346 78.460484
1481622500 5.295194 78.648507
1481622600 5.344290 78.836794
1481622700 5.392631 79.025344
1481622800 5.440212 79.214154
1481622900 5.487031 79.403222
1481623000 5.533086 79.592543
1481623100 5.578372 79.782116
1481623200 5.622888 79.971937
1481623300 5.666629 80.162002
1481623400 5.709593 80.352310
1481623500 5.751778 80.542856
1481623600 5.793180 80.733637
1481623700 5.833797 80.924650
1481623800 5.873625 81.115891
1481623900 5.912662 81.307357
1481624000 5.950906 81.499044
1481624100 5.988354 81.690948
1481624200 6.025003 81.883066
1481624300 6.060850 82.075394
1481624400 6.095894 82.267928
1481624500 6.130132 82.460663
1481624600 6.163561 82.653597
1481624700 6.196179 82.846724
1481624800 6.227984 83.040041
1481624900 6.258973 83.233544
1481625000 6.289145 83.427228
1481625100 6.318497 83.621089
1481625200 6.347027 83.815122
1481625300 6.374733 84.009324
1481625400 6.401613 84.203690
1481625500 6.427665 84.398214
1481625600 6.452888 84.592894
1481625700 6.477279 84.787723
1481625800 6.500837 84.982698
1481625900 6.523560 85.177813
1481626000 6.545446 85.373064
1481626100 6.566494 85.568446
1481626200 6.586702 85.763955
1481626300 6.606069 85.959584
1481626400 6.624594 86.155330
1481626500 6.642274 86.351188
1481626600 6.659109 86.547152
1481626700 6.675098 86.743217
1481626800 6.690239 86.939378
1481626900 6.704531 87.135630
1481627000 6.717973 87.331969
1481627100 6.730564 87.528388
1481627200 6.742304 87.724883
1481627300 6.753191 87.921448
1481627400 6.763224 88.118078
1481627500 6.772403 88.314769
1481627600 6.780728 88.511514
1481627700 6.788196 88.708308
1481627800 6.794809 88.905146
1481627900 6.800565 89.102023
1481628000 6.805464 89.298933
1481628100 6.809506 89.495871
1481628200 6.812690 89.692832
1481628300 6.815016 89.889810
1481628400 6.816484 90.086799
1481628500 6.817094 90.283795
1481628600 6.816846 90.480792
1481628700 6.815739 90.677785
1481628800 6.813775 90.874768
1481628900 6.810952 91.071736
1481629000 6.807272 91.268683
1481629100 6.802734 91.465605
1481629200 6.797338 91.662495
1481629300 6.791086 91.859348
1481629400 6.783978 92.056160
1481629500 6.776014 92.252924
1481629600 6.767195 92.449636
1481629700 6.757521 92.646290
1481629800 6.746994 92.842880
1481629900 6.735613 93.039402
1481630000 6.723380 93.235851
1481630100 6.710296 93.432221
1481630200 6.696362 93.628506
1481630300 6.681578 93.824703
1481630400 6.665947 94.020805
1481630500 6.649468 94.216808
1481630600 6.632143 94.412706
1481630700 6.613974 94.608495
1481630800 6.594961 94.804169
1481630900 6.575107 94.999724
1481631000 6.554412 95.195154
1481631100 6.532878 95.390456
1481631200 6.510507 95.585623
1481631300 6.487301 95.780651
1481631400 6.463260 95.975536
1481631500 6.438387 96.170273
1481631600 6.412684 96.364856
1481631700 6.386151 96.559282
1481631800 6.358792 96.753546
1481631900 6.330609 96.947644
1481632000 6.301602 97.141570
1481632100 6.271775 97.335321
1481632200 6.241129 97.528893
1481632300 6.209667 97.722280
1481632400 6.177390 97.915479
1481632500 6.144302 98.108486
1481632600 6.110404 98.301297
1481632700 6.075698 98.493906
1481632800 6.040188 98.686312
1481632900 6.003876 98.878508
1481633000 5.966763 99.070493
1481633100 5.928853 99.262262
1481633200 5.890149 99.453810
1481633300 5.850652 99.645136
1481633400 5.810366 99.836234
1481633500 5.769293 100.027102
1481633600 5.727437 100.217736
1481633700 5.684799 100.408133
1481633800 5.641383 100.598288
1481633900 5.597192 100.788200
1481634000 5.552229 100.977865
1481634100 5.506496 101.167280
1481634200 5.459996 101.356442
1481634300 5.412734 101.545347
1481634400 5.364711 101.733994
1481634500 5.315931 101.922378
1481634600 5.266398 102.110498
1481634700 5.216113 102.298351
1481634800 5.165081 102.485934
1481634900 5.113305 102.673245
1481635000 5.060788 102.860281
1481635100 5.007534 103.047040
1481635200 4.953545 103.233520
1481635300 4.898825 103.419718
1481635400 4.843378 103.605632
1481635500 4.787207 103.791261
1481635600 4.730315 103.976602
1481635700 4.672706 104.161653
1481635800 4.614384 104.346413
1481635900 4.555352 104.530880
1481636000 4.495614 104.715052
1481636100 4.435173 104.898928
1481636200 4.374032 105.082506
1481636300 4.312196 105.265784
1481636400 4.249669 105.448762
1481636500 4.186453 105.631437
1481636600 4.122553 105.813810
1481636700 4.057972 105.995878
1481636800 3.992714 106.177641
1481636900 3.926783 106.359097
1481637000 3.860182 106.540246
1481637100 3.792916 106.721087
1481637200 3.724988 106.901619
1481637300 3.656402 107.081842
1481637400 3.587162 107.261754
1481637500 3.517271 107.441356
1481637600 3.446734 107.620646
1481637700 3.375555 107.799625
1481637800 3.303737 107.978292
1481637900 3.231284 108.156647
1481638000 3.158200 108.334690
1481638100 3.084490 108.512420
1481638200 3.010156 108.689837
1481638300 2.935204 108.866943
1481638400 2.859636 109.043736
1481638500 2.783457 109.220217
1481638600 2.706671 109.396386
1481638700 2.629282 109.572244
1481638800 2.551294 109.747790
1481638900 2.472710 109.923026
1481639000 2.393535 110.097951
1481639100 2.313773 110.272567
1481639200 2.233428 110.446874
1481639300 2.152504 110.620873
1481639400 2.071004 110.794565
1481639500 1.988933 110.967949
1481639600 1.906295 111.141028
1481639700 1.823094 111.313803
1481639800 1.739333 111.486273
1481639900 1.655017 111.658441
1481640000 1.570151 111.830308
1481640100 1.484737 112.001874
1481640200 1.398780 112.173142
1481640300 1.312283 112.344111
1481640400 1.225252 112.514785
1481640500 1.137690 112.685164
1481640600 1.049600 112.855250
1481640700 0.960988 113.025044
1481640800 0.871856 113.194548
1481640900 0.782210 113.363764
1481641000 0.692052 113.532693
1481641100 0.601387 113.701337
1481641200 0.510219 113.869699
1481641300 0.418552 114.037779
1481641400 0.326390 114.205581
1481641500 0.233737 114.373105
1481641600 0.140597 114.540355
1481641700 0.046973 114.707332
1481641800 -0.047130 114.874038
