1481608800 -13.877018 110.258562
1481608900 -13.643139 110.570737
1481609000 -13.409737 110.882982
1481609100 -13.176820 111.195306
1481609200 -12.944396 111.507719
1481609300 -12.712471 111.820232
1481609400 -12.481052 112.132853
1481609500 -12.250146 112.445593
1481609600 -12.019760 112.758461
1481609700 -11.789902 113.071467
1481609800 -11.560579 113.384620
1481609900 -11.331798 113.697929
1481610000 -11.103565 114.011403
1481610100 -10.875888 114.325052
1481610200 -10.648774 114.638885
1481610300 -10.422231 114.952910
1481610400 -10.196264 115.267137
1481610500 -9.970883 115.581574
1481610600 -9.746093 115.896231
1481610700 -9.521903 116.211114
1481610800 -9.298318 116.526235
1481610900 -9.075347 116.841600
1481611000 -8.852997 117.157218
1481611100 -8.631275 117.473097
1481611200 -8.410187 117.789246
1481611300 -8.189743 118.105673
1481611400 -7.969948 118.422386
1481611500 -7.750810 118.739393
1481611600 -7.532337 119.056701
1481611700 -7.314536 119.374319
1481611800 -7.097414 119.692255
1481611900 -6.880978 120.010515
1481612000 -6.665236 120.329108
1481612100 -6.450196 120.648042
1481612200 -6.235864 120.967322
1481612300 -6.022249 121.286958
1481612400 -5.809357 121.606955
1481612500 -5.597197 121.927322
1481612600 -5.385775 122.248065
1481612700 -5.175099 122.569191
1481612800 -4.965177 122.890708
1481612900 -4.756016 123.212621
1481613000 -4.547624 123.534939
1481613100 -4.340008 123.857667
1481613200 -4.133177 124.180812
1481613300 -3.927136 124.504380
1481613400 -3.721895 124.828379
1481613500 -3.517461 125.152813
1481613600 -3.313841 125.477690
1481613700 -3.111043 125.803016
1481613800 -2.909075 126.128796
1481613900 -2.707945 126.455037
1481614000 -2.507660 126.781744
1481614100 -2.308228 127.108924
1481614200 -2.109656 127.436581
1481614300 -1.911953 127.764722
1481614400 -1.715127 128.093352
1481614500 -1.519184 128.422476
1481614600 -1.324133 128.752100
1481614700 -1.129982 129.082228
1481614800 -0.936738 129.412867
1481614900 -0.744410 129.744021
1481615000 -0.553005 130.075694
1481615100 -0.362531 130.407893
1481615200 -0.172996 130.740620
1481615300 0.015592 131.073882
1481615400 0.203225 131.407682
1481615500 0.389895 131.742026
1481615600 0.575595 132.076916
1481615700 0.760316 132.412358
1481615800 0.944051 132.748356
1481615900 1.126790 133.084913
1481616000 1.308528 133.422034
1481616100 1.489255 133.759721
1481616200 1.668963 134.097980
1481616300 1.847645 134.436813
1481616400 2.025293 134.776224
1481616500 2.201898 135.116216
1481616600 2.377453 135.456792
1481616700 2.551949 135.797956
1481616800 2.725378 136.139710
1481616900 2.897733 136.482057
1481617000 3.069005 136.825000
1481617100 3.239187 137.168543
1481617200 3.408270 137.512686
1481617300 3.576246 137.857432
1481617400 3.743107 138.202785
1481617500 3.908846 138.548745
1481617600 4.073454 138.895315
1481617700 4.236923 139.242497
1481617800 4.399246 139.590292
1481617900 4.560413 139.938703
1481618000 4.720418 140.287730
1481618100 4.879252 140.637375
1481618200 5.036906 140.987640
1481618300 5.193374 141.338524
1481618400 5.348648 141.690030
1481618500 5.502718 142.042158
1481618600 5.655578 142.394909
1481618700 5.807219 142.748283
1481618800 5.957633 143.102281
1481618900 6.106813 143.456903
1481619000 6.254750 143.812150
1481619100 6.401437 144.168020
1481619200 6.546866 144.524514
1481619300 6.691029 144.881633
1481619400 6.833918 145.239374
1481619500 6.975526 145.597738
1481619600 7.115844 145.956725
1481619700 7.254865 146.316332
1481619800 7.392581 146.676560
1481619900 7.528984 147.037407
1481620000 7.664068 147.398872
1481620100 7.797823 147.760952
1481620200 7.930243 148.123648
1481620300 8.061320 148.486956
1481620400 8.191046 148.850876
1481620500 8.319414 149.215404
1481620600 8.446417 149.580540
1481620700 8.572046 149.946279
1481620800 8.696296 150.312621
1481620900 8.819157 150.679562
1481621000 8.940623 151.047100
1481621100 9.060687 151.415231
1481621200 9.179342 151.783952
1481621300 9.296580 152.153261
1481621400 9.412394 152.523153
1481621500 9.526777 152.893626
1481621600 9.639722 153.264675
1481621700 9.751222 153.636296
1481621800 9.861270 154.008486
1481621900 9.969860 154.381241
1481622000 10.076984 154.754555
1481622100 10.182636 155.128425
1481622200 10.286809 155.502846
1481622300 10.389497 155.877813
1481622400 10.490692 156.253321
1481622500 10.590389 156.629365
1481622600 10.688581 157.005940
1481622700 10.785261 157.383041
1481622800 10.880424 157.760661
1481622900 10.974063 158.138796
1481623000 11.066172 158.517438
1481623100 11.156745 158.896584
1481623200 11.245775 159.276225
1481623300 11.333258 159.656357
1481623400 11.419187 160.036972
1481623500 11.503556 160.418064
1481623600 11.586360 160.799626
1481623700 11.667593 161.181652
1481623800 11.747250 161.564135
1481623900 11.825325 161.947066
1481624000 11.901812 162.330440
1481624100 11.976708 162.714249
1481624200 12.050006 163.098485
1481624300 12.121701 163.483140
1481624400 12.191788 163.868207
1481624500 12.260264 164.253678
1481624600 12.327122 164.639545
1481624700 12.392358 165.025800
1481624800 12.455967 165.412434
1481624900 12.517946 165.799440
1481625000 12.578289 166.186808
1481625100 12.636993 166.574530
1481625200 12.694053 166.962597
1481625300 12.749465 167.351000
1481625400 12.803225 167.739732
1481625500 12.855330 168.128781
1481625600 12.905775 168.518140
1481625700 12.954558 168.907798
1481625800 13.001673 169.297748
1481625900 13.047119 169.687978
1481626000 13.090892 170.078481
1481626100 13.132988 170.469245
1481626200 13.173404 170.860262
1481626300 13.212138 171.251521
1481626400 13.249187 171.643013
1481626500 13.284548 172.034728
1481626600 13.318218 172.426655
1481626700 13.350196 172.818785
1481626800 13.380477 173.211108
1481626900 13.409062 173.603613
1481627000 13.435946 173.996290
1481627100 13.461129 174.389128
1481627200 13.484608 174.782118
1481627300 13.506382 175.175248
1481627400 13.526448 175.568509
1481627500 13.544807 175.961890
1481627600 13.561455 176.355380
1481627700 13.576393 176.748968
1481627800 13.589618 177.142644
1481627900 13.601131 177.536398
1481628000 13.610929 177.930218
1481628100 13.619012 178.324094
1481628200 13.625380 178.718016
1481628300 13.630033 179.111971
1481628400 13.632969 179.505951
1481628500 13.634189 179.899943
1481628600 13.633692 180.293937
1481628700 13.631479 180.687922
1481628800 13.627549 181.081888
1481628900 13.621904 181.475824
1481629000 13.614543 181.869718
1481629100 13.605467 182.263561
1481629200 13.594677 182.657341
1481629300 13.582173 183.051049
1481629400 13.567956 183.444672
1481629500 13.552028 183.838200
1481629600 13.534390 184.231624
1481629700 13.515043 184.624931
1481629800 13.493988 185.018112
1481629900 13.471226 185.411157
1481630000 13.446761 185.804054
1481630100 13.420593 186.196794
1481630200 13.392724 186.589365
1481630300 13.363157 186.981758
1481630400 13.331893 187.373962
1481630500 13.298935 187.765967
1481630600 13.264286 188.157764
1481630700 13.227947 188.549341
1481630800 13.189922 188.940690
1481630900 13.150214 189.331800
1481631000 13.108824 189.722661
1481631100 13.065757 190.113263
1481631200 13.021015 190.503598
1481631300 12.974601 190.893655
1481631400 12.926520 191.283424
1481631500 12.876774 191.672897
1481631600 12.825367 192.062065
1481631700 12.772303 192.450917
1481631800 12.717585 192.839445
1481631900 12.661217 193.227640
1481632000 12.603204 193.615493
1481632100 12.543550 194.002995
1481632200 12.482258 194.390138
1481632300 12.419334 194.776913
1481632400 12.354781 195.163311
1481632500 12.288604 195.549325
1481632600 12.220808 195.934945
1481632700 12.151397 196.320165
1481632800 12.080376 196.704975
1481632900 12.007751 197.089369
1481633000 11.933526 197.473338
1481633100 11.857706 197.856875
1481633200 11.780297 198.239973
1481633300 11.701304 198.622624
1481633400 11.620732 199.004821
1481633500 11.538586 199.386556
1481633600 11.454873 199.767824
1481633700 11.369598 200.148617
1481633800 11.282766 200.528929
1481633900 11.194384 200.908753
1481634000 11.104457 201.288083
1481634100 11.012991 201.666912
1481634200 10.919993 202.045236
1481634300 10.825468 202.423046
1481634400 10.729422 202.800339
1481634500 10.631863 203.177108
1481634600 10.532796 203.553349
1481634700 10.432227 203.929054
1481634800 10.330163 204.304220
1481634900 10.226611 204.678842
1481635000 10.121577 205.052914
1481635100 10.015067 205.426432
1481635200 9.907090 205.799391
1481635300 9.797650 206.171788
1481635400 9.686756 206.543616
1481635500 9.574414 206.914874
1481635600 9.460630 207.285556
1481635700 9.345413 207.655659
1481635800 9.228769 208.025179
1481635900 9.110704 208.394113
1481636000 8.991228 208.762457
1481636100 8.870345 209.130208
1481636200 8.748064 209.497364
1481636300 8.624393 209.863920
1481636400 8.499337 210.229876
1481636500 8.372906 210.595227
1481636600 8.245105 210.959972
1481636700 8.115943 211.324108
1481636800 7.985428 211.687634
1481636900 7.853565 212.050546
1481637000 7.720364 212.412845
1481637100 7.585832 212.774526
1481637200 7.449976 213.135591
1481637300 7.312804 213.496035
1481637400 7.174323 213.855860
1481637500 7.034542 214.215063
1481637600 6.893469 214.573644
1481637700 6.751110 214.931602
1481637800 6.607474 215.288936
1481637900 6.462568 215.645646
1481638000 6.316400 216.001731
1481638100 6.168979 216.357191
1481638200 6.020312 216.712027
1481638300 5.870407 217.066238
1481638400 5.719272 217.419824
1481638500 5.566914 217.772786
1481638600 5.413342 218.125124
1481638700 5.258564 218.476840
1481638800 5.102587 218.827932
1481638900 4.945420 219.178404
1481639000 4.787071 219.528255
1481639100 4.627547 219.877487
1481639200 4.466856 220.226101
1481639300 4.305007 220.574099
1481639400 4.142008 220.921481
1481639500 3.977866 221.268251
1481639600 3.812590 221.614409
1481639700 3.646187 221.959957
1481639800 3.478666 222.304899
1481639900 3.310035 222.649235
1481640000 3.140301 222.992968
1481640100 2.969473 223.336100
1481640200 2.797559 223.678635
1481640300 2.624567 224.020575
1481640400 2.450504 224.361922
1481640500 2.275380 224.702680
1481640600 2.099201 225.042852
1481640700 1.921976 225.382440
1481640800 1.743713 225.721448
1481640900 1.564419 226.059880
1481641000 1.384104 226.397738
1481641100 1.202774 226.735027
1481641200 1.020439 227.071750
1481641300 0.837105 227.407911
1481641400 0.652780 227.743514
1481641500 0.467474 228.078563
1481641600 0.281193 228.413062
1481641700 0.093946 228.747016
1481641800 -0.094259 229.080428
